0 10 7 1 3 11 
0 10 7 1 3 11 12 15 4 9 
0 10 7 1 3 11 12 4 9 
0 10 7 1 3 2 11 
0 10 7 1 3 2 11 12 15 4 9 
0 10 7 1 3 2 11 12 4 9 
0 10 7 1 9 
0 10 7 1 9 15 3 11 
0 10 7 1 9 15 3 2 11 
0 10 14 7 1 3 11 
0 10 14 7 1 3 11 12 15 4 9 
0 10 14 7 1 3 11 12 4 9 
0 10 14 7 1 3 2 11 
0 10 14 7 1 3 2 11 12 15 4 9 
0 10 14 7 1 3 2 11 12 4 9 
0 10 14 7 1 9 
0 10 14 7 1 9 15 3 11 
0 10 14 7 1 9 15 3 2 11 
0 14 7 1 3 11 
0 14 7 1 3 11 12 15 4 9 
0 14 7 1 3 11 12 4 9 
0 14 7 1 3 2 11 
0 14 7 1 3 2 11 12 15 4 9 
0 14 7 1 3 2 11 12 4 9 
0 14 7 1 9 
0 14 7 1 9 15 3 11 
0 14 7 1 9 15 3 2 11 
0 14 10 7 1 3 11 
0 14 10 7 1 3 11 12 15 4 9 
0 14 10 7 1 3 11 12 4 9 
0 14 10 7 1 3 2 11 
0 14 10 7 1 3 2 11 12 15 4 9 
0 14 10 7 1 3 2 11 12 4 9 
0 14 10 7 1 9 
0 14 10 7 1 9 15 3 11 
0 14 10 7 1 9 15 3 2 11 
0 1 3 11 
0 1 3 11 12 15 4 9 
0 1 3 11 12 4 9 
0 1 3 2 11 
0 1 3 2 11 12 15 4 9 
0 1 3 2 11 12 4 9 
0 1 9 
0 1 9 15 3 11 
0 1 9 15 3 2 11 
1 3 11 12 13 14 7 
1 3 11 12 13 14 10 7 
1 3 11 12 15 4 13 14 7 
1 3 11 12 15 4 13 14 10 7 
1 3 11 12 15 13 14 7 
1 3 11 12 15 13 14 10 7 
1 3 11 12 4 13 14 7 
1 3 11 12 4 13 14 10 7 
1 3 11 12 4 9 15 13 14 7 
1 3 11 12 4 9 15 13 14 10 7 
1 3 11 12 5 13 14 7 
1 3 11 12 5 13 14 10 7 
1 3 2 11 12 13 14 7 
1 3 2 11 12 13 14 10 7 
1 3 2 11 12 15 4 13 14 7 
1 3 2 11 12 15 4 13 14 10 7 
1 3 2 11 12 15 13 14 7 
1 3 2 11 12 15 13 14 10 7 
1 3 2 11 12 4 13 14 7 
1 3 2 11 12 4 13 14 10 7 
1 3 2 11 12 4 9 15 13 14 7 
1 3 2 11 12 4 9 15 13 14 10 7 
1 3 2 11 12 5 13 14 7 
1 3 2 11 12 5 13 14 10 7 
1 9 15 4 13 14 7 
1 9 15 4 13 14 10 7 
1 9 15 13 14 7 
1 9 15 13 14 10 7 
1 9 15 3 11 12 13 14 7 
1 9 15 3 11 12 13 14 10 7 
1 9 15 3 11 12 4 13 14 7 
1 9 15 3 11 12 4 13 14 10 7 
1 9 15 3 11 12 5 13 14 7 
1 9 15 3 11 12 5 13 14 10 7 
1 9 15 3 2 11 12 13 14 7 
1 9 15 3 2 11 12 13 14 10 7 
1 9 15 3 2 11 12 4 13 14 7 
1 9 15 3 2 11 12 4 13 14 10 7 
1 9 15 3 2 11 12 5 13 14 7 
1 9 15 3 2 11 12 5 13 14 10 7 
2 11 12 15 3 
2 11 12 4 9 15 3 
2 11 12 
3 11 12 15 
3 11 12 4 9 15 
4 9 15 
7 13 14 
7 13 14 10 
10 14 
