0 9 4 2 15 6 14 
0 9 4 2 15 6 1 3 11 5 14 
0 9 4 2 15 6 1 3 11 5 
0 9 4 2 15 6 1 3 11 7 
0 9 4 2 3 11 5 14 
0 9 4 2 3 11 5 
0 9 4 2 3 11 7 
0 9 4 2 6 14 
0 9 4 2 6 1 3 11 5 14 
0 9 4 2 6 1 3 11 5 
0 9 4 2 6 1 3 11 7 
0 9 4 5 14 
0 9 4 5 8 13 2 15 6 14 
0 9 4 5 8 13 2 15 6 1 3 11 7 
0 9 4 5 8 13 2 3 11 7 
0 9 4 5 8 13 2 6 14 
0 9 4 5 8 13 2 6 1 3 11 7 
0 9 4 5 
0 9 11 5 14 
0 9 11 5 8 13 2 15 6 14 
0 9 11 5 8 13 2 6 14 
0 9 11 5 
0 9 11 7 
0 6 14 
0 6 1 3 9 4 5 14 
0 6 1 3 9 4 5 
0 6 1 3 9 11 5 14 
0 6 1 3 9 11 5 
0 6 1 3 9 11 7 
0 6 1 3 11 5 14 
0 6 1 3 11 5 
0 6 1 3 11 7 9 4 5 14 
0 6 1 3 11 7 9 4 5 
0 6 1 3 11 7 
0 6 1 9 4 2 3 11 5 14 
0 6 1 9 4 2 3 11 5 
0 6 1 9 4 2 3 11 7 
0 6 1 9 4 5 14 
0 6 1 9 4 5 8 13 2 3 11 7 
0 6 1 9 4 5 
0 6 1 9 11 5 14 
0 6 1 9 11 5 
0 6 1 9 11 7 
0 3 9 4 2 15 6 14 
0 3 9 4 2 6 14 
0 3 9 4 5 14 
0 3 9 4 5 8 13 2 15 6 14 
0 3 9 4 5 8 13 2 6 14 
0 3 9 4 5 
0 3 9 11 5 14 
0 3 9 11 5 8 13 2 15 6 14 
0 3 9 11 5 8 13 2 6 14 
0 3 9 11 5 
0 3 9 11 7 
0 3 11 5 14 
0 3 11 5 8 13 2 15 6 14 
0 3 11 5 8 13 2 6 14 
0 3 11 5 
0 3 11 7 9 4 2 15 6 14 
0 3 11 7 9 4 2 6 14 
0 3 11 7 9 4 5 14 
0 3 11 7 9 4 5 8 13 2 15 6 14 
0 3 11 7 9 4 5 8 13 2 6 14 
0 3 11 7 9 4 5 
0 3 11 7 
1 3 9 4 2 15 6 
1 3 9 4 2 6 
1 3 9 4 5 8 13 2 15 6 
1 3 9 4 5 8 13 2 6 
1 3 9 11 5 8 13 2 15 6 
1 3 9 11 5 8 13 2 6 
1 3 11 5 8 13 2 15 6 
1 3 11 5 8 13 2 6 
1 3 11 7 9 4 2 15 6 
1 3 11 7 9 4 2 6 
1 3 11 7 9 4 5 8 13 2 15 6 
1 3 11 7 9 4 5 8 13 2 6 
1 9 4 2 15 6 
1 9 4 2 6 
1 9 4 5 8 13 2 15 6 
1 9 4 5 8 13 2 6 
1 9 11 5 8 13 2 15 6 
1 9 11 5 8 13 2 6 
1 6 
2 3 9 4 
2 3 9 4 5 8 13 
2 3 9 11 5 8 13 
2 3 11 5 8 13 
2 3 11 7 9 4 
2 3 11 7 9 4 5 8 13 
5 8 
6 15 
7 9 11 
