0 11 5 2 1 15 7 6 10 12 13 3 
0 11 5 2 1 15 7 6 9 8 13 3 
0 11 5 2 1 15 7 
0 11 5 2 1 15 7 3 
0 11 5 2 1 15 7 13 3 
0 11 5 2 1 3 
0 11 5 12 13 3 
0 11 5 12 13 6 9 2 1 15 7 
0 11 5 12 13 6 9 2 1 15 7 3 
0 11 5 12 13 6 9 2 1 3 
0 11 5 12 13 15 7 6 9 2 1 3 
0 11 5 12 13 15 7 
0 11 5 12 13 15 7 3 
0 11 5 12 7 6 9 2 1 3 
0 11 5 12 7 6 9 8 13 3 
0 11 5 12 7 
0 11 5 12 7 3 
0 11 5 12 7 13 3 
0 11 5 12 7 13 6 9 2 1 3 
0 11 13 3 
0 11 13 6 10 12 7 
0 11 13 6 10 12 7 3 
0 11 13 6 9 2 1 15 7 
0 11 13 6 9 2 1 15 7 3 
0 11 13 6 9 2 1 3 
0 11 13 15 7 6 9 2 1 3 
0 11 13 15 7 
0 11 13 15 7 3 
0 11 8 13 3 
0 11 8 13 6 10 12 7 
0 11 8 13 6 10 12 7 3 
0 11 8 13 6 9 2 1 15 7 
0 11 8 13 6 9 2 1 15 7 3 
0 11 8 13 6 9 2 1 3 
0 11 8 13 15 7 6 9 2 1 3 
0 11 8 13 15 7 
0 11 8 13 15 7 3 
1 15 7 6 9 2 
1 15 7 13 6 9 2 
6 10 12 13 
6 10 12 13 15 7 
6 10 12 7 
6 10 12 7 13 
6 9 8 13 
6 9 8 13 15 7 
6 9 
7 13 15 
